0	22285	0	0	16000	16142	0	0	25600	0	91500	28333	0	37000	0	0	0	0	0	0	42250	0	0	0	19666	0	0	0	0	0	0	0	142000	0	0	0	0	0	0	0	0	0	0	0	0	0	0	0	0	0	0	28166	0	26000	0	37500	0	0	0	0	0	0	
22285	0	0	0	111000	15500	0	0	57500	0	37666	32333	14000	29000	0	65000	0	0	0	0	25500	0	0	0	46750	0	0	0	0	0	0	0	27800	0	0	0	0	0	0	0	0	0	0	0	0	0	0	0	0	0	0	24750	0	32000	0	19000	0	0	23000	45000	0	0	
0	0	0	24500	0	0	0	0	0	0	0	0	0	0	0	0	0	0	29500	0	0	25000	37333	0	0	78500	0	0	0	0	0	0	0	1000	0	0	0	0	0	0	0	0	43000	0	0	0	0	0	0	0	6000	0	0	0	0	0	0	10000	0	0	0	0	
0	0	24500	0	0	0	0	0	0	30000	0	0	0	0	0	0	23000	0	36000	0	0	17666	0	0	0	28800	0	0	0	0	0	0	0	0	0	0	0	0	0	0	0	0	36000	0	7000	0	0	0	52000	0	0	0	54000	0	90000	0	0	27000	0	0	0	19250	
16000	111000	0	0	0	0	0	0	41000	0	0	0	0	0	0	0	0	0	0	0	47666	0	0	0	28200	67000	0	0	0	0	0	0	72500	0	0	0	0	0	0	0	0	0	0	0	0	0	0	0	0	0	8000	30750	0	14200	0	24285	0	0	40000	56333	0	0	
16142	15500	0	0	0	0	0	0	0	0	21000	0	26666	20666	0	0	0	0	0	0	31500	0	0	0	28400	0	0	0	0	0	0	0	35500	0	0	0	0	0	0	0	0	0	0	0	0	0	0	0	0	0	0	0	0	26400	0	54500	0	0	0	0	0	0	
0	0	0	0	0	0	0	37800	0	0	0	0	0	0	14333	0	36333	23250	0	0	0	0	34000	49000	0	0	0	0	26000	0	24400	66000	0	0	16750	0	38750	0	44000	0	40333	60000	0	0	23250	0	39250	34250	20666	0	82000	0	0	0	0	0	0	0	0	0	0	0	
0	0	0	0	0	0	37800	0	0	0	0	0	0	0	22500	0	25833	19571	0	0	0	0	162000	22500	0	0	0	0	29000	0	68500	30250	0	0	97000	0	0	0	0	0	64500	7000	0	16500	25500	0	29600	32000	30250	0	68000	0	20000	0	0	0	0	0	0	0	0	0	
25600	57500	0	0	41000	0	0	0	0	0	24250	22250	7000	23000	0	24333	0	0	0	0	0	0	0	0	20000	0	0	0	0	0	0	0	0	23500	0	26000	0	36000	0	26500	0	0	0	6000	0	16400	0	0	0	38000	0	17000	12500	23000	0	23333	0	0	0	14666	0	0	
0	0	0	30000	0	0	0	0	0	0	0	0	0	0	0	0	0	0	16800	0	0	52000	0	0	0	13428	0	0	0	0	0	0	0	0	0	0	0	0	0	0	0	0	0	0	0	0	0	0	0	0	0	0	69000	0	0	0	0	0	0	0	0	0	
91500	37666	0	0	0	21000	0	0	24250	0	0	22000	0	0	0	29000	0	0	0	0	9000	0	0	0	0	0	0	0	0	0	0	0	0	18500	0	0	0	0	20000	21000	0	0	0	0	0	28500	0	0	0	0	0	0	0	52000	0	0	0	0	0	28000	0	0	
28333	32333	0	0	0	0	0	0	22250	0	22000	0	0	0	10000	0	0	0	0	0	0	0	0	0	0	0	0	0	0	12000	0	0	30000	7000	0	0	0	0	0	0	0	0	10000	0	0	0	0	0	0	0	0	0	0	53000	0	0	0	0	0	0	0	0	
0	14000	0	0	0	26666	0	0	7000	0	0	0	0	20200	7000	9000	0	0	0	0	12333	0	0	0	13000	0	0	0	0	30000	0	0	23500	0	0	0	0	0	27000	28000	0	0	0	0	0	0	0	0	0	0	0	12500	0	32000	0	13666	0	0	17000	6000	0	0	
37000	29000	0	0	0	20666	0	0	23000	0	0	0	20200	0	0	0	0	0	0	0	21250	0	0	0	31000	0	0	0	0	0	0	0	143000	0	0	0	0	0	0	0	0	0	0	0	0	0	0	0	0	0	3000	22600	0	29000	0	37600	0	0	13333	36666	0	0	
0	0	0	0	0	0	14333	22500	0	0	0	10000	7000	0	0	0	29000	0	0	104000	0	0	31666	0	0	0	14000	0	12000	20000	20000	20000	0	5000	15500	0	15600	0	21428	29000	19000	21000	0	78000	0	24000	11750	38000	37500	4000	40000	0	0	0	0	0	18000	0	6000	0	0	0	
0	65000	0	0	0	0	0	0	24333	0	29000	0	9000	0	0	0	0	0	0	0	0	0	0	0	0	0	0	18666	0	28000	0	0	0	22000	0	34000	0	36500	18000	6666	0	0	1000	0	0	19250	0	0	0	25800	0	0	0	0	0	0	0	0	0	0	0	0	
0	0	0	23000	0	0	36333	25833	0	0	0	0	0	0	29000	0	0	54333	0	31000	0	0	37500	45000	0	0	30000	0	21500	0	21600	17000	0	0	27750	0	24000	0	26500	0	39500	49000	0	16500	33166	0	24333	13875	17400	0	32333	0	33600	0	0	0	0	79500	0	0	0	0	
0	0	0	0	0	0	23250	19571	0	0	0	0	0	0	0	0	54333	0	0	0	0	0	0	17285	0	0	0	0	16000	0	66000	109000	0	0	0	0	0	0	32333	0	42250	0	0	28000	0	0	59000	35600	26000	0	29666	0	0	0	0	0	0	0	0	0	0	0	
0	0	29500	36000	0	0	0	0	0	16800	0	0	0	0	0	0	0	0	0	0	0	25666	0	0	0	19800	0	0	0	0	0	0	0	3000	0	0	0	0	0	0	0	0	17000	0	1000	0	0	0	0	0	10000	0	61333	0	0	0	0	0	0	0	0	0	
0	0	0	0	0	0	0	0	0	0	0	0	0	0	104000	0	31000	0	0	0	0	0	32500	0	0	0	0	0	0	0	0	0	0	0	0	0	0	0	0	0	0	0	27000	0	0	0	0	0	0	0	0	0	77500	0	50000	0	0	59666	0	0	21000	0	
42250	25500	0	0	47666	31500	0	0	0	0	9000	0	12333	21250	0	0	0	0	0	0	0	0	0	0	18714	0	0	0	0	0	0	0	106000	0	0	0	0	0	0	0	0	0	0	0	0	0	0	0	0	0	6000	33000	0	34666	0	23142	0	0	52000	49500	0	0	
0	0	25000	17666	0	0	0	0	0	52000	0	0	0	0	0	0	0	0	25666	0	0	0	0	0	0	18875	0	0	0	0	0	0	0	0	0	0	0	0	0	0	0	0	0	0	0	0	0	0	0	0	0	0	45000	0	0	0	0	0	0	0	0	0	
0	0	37333	0	0	0	34000	162000	0	0	0	0	0	0	31666	0	37500	0	0	32500	0	0	0	0	0	0	0	0	15000	0	37750	0	0	0	8000	0	0	0	0	0	48333	0	0	0	0	0	0	0	152000	0	0	0	12500	0	26333	0	35333	28000	0	0	110000	0	
0	0	0	0	0	0	49000	22500	0	0	0	0	0	0	0	0	45000	17285	0	0	0	0	0	0	0	0	0	0	27200	0	25500	68000	0	0	0	0	14666	0	0	0	39000	0	0	41000	18333	0	44000	37250	22800	0	5000	0	59000	0	0	0	0	0	0	0	0	0	
19666	46750	0	0	28200	28400	0	0	20000	0	0	0	13000	31000	0	0	0	0	0	0	18714	0	0	0	0	0	0	0	0	0	0	0	30000	0	0	0	0	0	0	0	0	0	0	0	0	0	0	0	0	0	0	45666	0	29000	0	23250	0	0	36000	0	0	0	
0	0	78500	28800	67000	0	0	0	0	13428	0	0	0	0	0	0	0	0	19800	0	0	18875	0	0	0	0	0	0	0	0	0	0	0	20000	0	0	0	0	0	0	0	0	79000	36000	0	0	0	0	0	0	0	0	78500	43500	0	0	0	0	0	0	0	6000	
0	0	0	0	0	0	0	0	0	0	0	0	0	0	14000	0	30000	0	0	0	0	0	0	0	0	0	0	0	101500	0	0	8000	0	0	36500	0	19000	0	33000	0	72000	56333	0	53000	48666	0	69000	28000	0	0	0	0	0	0	0	0	0	0	0	0	0	0	
0	0	0	0	0	0	0	0	0	0	0	0	0	0	0	18666	0	0	0	0	0	0	0	0	0	0	0	0	0	22666	0	0	0	0	0	20600	0	22666	0	16142	0	0	0	1000	0	0	0	0	0	25500	0	0	0	0	0	0	0	0	0	0	0	0	
0	0	0	0	0	0	26000	29000	0	0	0	0	0	0	12000	0	21500	16000	0	0	0	0	15000	27200	0	0	101500	0	0	0	25857	38000	0	0	26750	0	24000	0	15250	0	44666	51500	50000	0	17500	0	26000	24333	96000	0	31750	0	44000	0	0	0	0	0	0	0	0	16000	
0	0	0	0	0	0	0	0	0	0	0	12000	30000	0	20000	28000	0	0	0	0	0	0	0	0	0	0	0	22666	0	0	0	0	0	0	0	31250	0	0	46000	18000	0	0	0	13500	0	161000	0	0	0	38333	0	0	0	0	0	0	0	0	0	0	0	0	
0	0	0	0	0	0	24400	68500	0	0	0	0	0	0	20000	0	21600	66000	0	0	0	0	37750	25500	0	0	0	0	25857	0	0	29000	0	0	12142	0	16400	0	0	0	67000	0	0	14000	25000	0	38000	51500	31250	0	36000	0	0	0	0	0	0	0	0	0	0	0	
0	0	0	0	0	0	66000	30250	0	0	0	0	0	0	20000	0	17000	109000	0	0	0	0	0	68000	0	0	8000	0	38000	0	29000	0	0	0	30000	0	46000	0	21000	0	20000	34666	0	0	27000	0	8500	17000	46333	0	81000	0	0	0	29000	0	0	3000	0	0	0	0	
142000	27800	0	0	72500	35500	0	0	0	0	0	30000	23500	143000	0	0	0	0	0	0	106000	0	0	0	30000	0	0	0	0	0	0	0	0	0	0	0	0	4000	0	0	0	0	0	0	0	9000	0	0	0	0	1000	60333	0	35666	0	44750	0	0	0	0	0	0	
0	0	1000	0	0	0	0	0	23500	0	18500	7000	0	0	5000	22000	0	0	3000	0	0	0	0	0	0	20000	0	0	0	0	0	0	0	0	0	59000	0	7000	0	42000	0	0	69500	0	0	18750	0	0	0	3000	6000	0	17500	6000	10000	32500	98000	9000	0	0	0	0	
0	0	0	0	0	0	16750	97000	0	0	0	0	0	0	15500	0	27750	0	0	0	0	0	8000	0	0	0	36500	0	26750	0	12142	30000	0	0	0	0	18400	0	73000	0	45500	5000	0	15000	32000	0	23000	24000	27571	0	61000	0	0	0	0	0	0	0	0	0	0	0	
0	0	0	0	0	0	0	0	26000	0	0	0	0	0	0	34000	0	0	0	0	0	0	0	0	0	0	0	20600	0	31250	0	0	0	59000	0	0	0	17750	33000	25833	0	0	0	16000	0	35500	0	0	0	44000	0	0	0	0	0	0	0	0	0	0	0	0	
0	0	0	0	0	0	38750	0	0	0	0	0	0	0	15600	0	24000	0	0	0	0	0	0	14666	0	0	19000	0	24000	0	16400	46000	0	0	18400	0	0	0	23500	0	52333	20000	0	47000	28500	0	26000	18000	30000	0	27000	0	0	0	0	0	0	0	0	0	0	0	
0	0	0	0	0	0	0	0	36000	0	0	0	0	0	0	36500	0	0	0	0	0	0	0	0	0	0	0	22666	0	0	0	0	4000	7000	0	17750	0	0	5000	22000	0	0	0	2000	0	33000	0	0	0	27800	0	0	0	0	0	0	0	0	0	0	0	0	
0	0	0	0	0	0	44000	0	0	0	20000	0	27000	0	21428	18000	26500	32333	0	0	0	0	0	0	0	0	33000	0	15250	46000	0	21000	0	0	73000	33000	23500	5000	0	0	21500	13000	0	33333	0	30000	18500	0	14500	22500	32000	0	0	0	0	0	25000	0	25000	0	30000	0	
0	0	0	0	0	0	0	0	26500	0	21000	0	28000	0	29000	6666	0	0	0	0	0	0	0	0	0	0	0	16142	0	18000	0	0	0	42000	0	25833	0	22000	0	0	0	0	0	5000	0	26166	0	0	0	14500	0	0	0	0	0	0	0	0	0	0	0	0	
0	0	0	0	0	0	40333	64500	0	0	0	0	0	0	19000	0	39500	42250	0	0	0	0	48333	39000	0	0	72000	0	44666	0	67000	20000	0	0	45500	0	52333	0	21500	0	0	53000	0	53000	45000	0	27000	30600	51333	0	33333	0	52000	0	0	0	0	0	0	0	0	0	
0	0	0	0	0	0	60000	7000	0	0	0	0	0	0	21000	0	49000	0	0	0	0	0	0	0	0	0	56333	0	51500	0	0	34666	0	0	5000	0	20000	0	13000	0	53000	0	0	0	20500	0	37000	18625	36000	0	57000	0	0	0	0	0	0	0	0	0	0	0	
0	0	43000	36000	0	0	0	0	0	0	0	10000	0	0	0	1000	0	0	17000	27000	0	0	0	0	0	79000	0	0	50000	0	0	0	0	69500	0	0	0	0	0	0	0	0	0	0	0	0	0	0	0	33000	0	0	0	0	0	0	0	0	0	0	8000	0	
0	0	0	0	0	0	0	16500	6000	0	0	0	0	0	78000	0	16500	28000	0	0	0	0	0	41000	0	36000	53000	1000	0	13500	14000	0	0	0	15000	16000	47000	2000	33333	5000	53000	0	0	0	16250	21500	53000	0	24000	12000	15000	0	1000	0	0	0	0	0	0	0	0	0	
0	0	0	7000	0	0	23250	25500	0	0	0	0	0	0	0	0	33166	0	1000	0	0	0	0	18333	0	0	48666	0	17500	0	25000	27000	0	0	32000	0	28500	0	0	0	45000	20500	0	16250	0	0	15666	45000	20000	0	22500	0	77500	0	106000	0	66500	0	0	0	0	27500	
0	0	0	0	0	0	0	0	16400	0	28500	0	0	0	24000	19250	0	0	0	0	0	0	0	0	0	0	0	0	0	161000	0	0	9000	18750	0	35500	0	33000	30000	26166	0	0	0	21500	0	0	0	0	0	24000	0	0	0	0	0	0	0	0	0	0	0	0	
0	0	0	0	0	0	39250	29600	0	0	0	0	0	0	11750	0	24333	59000	0	0	0	0	0	44000	0	0	69000	0	26000	0	38000	8500	0	0	23000	0	26000	0	18500	0	27000	37000	0	53000	15666	0	0	15333	24428	0	21500	0	0	0	0	0	0	0	0	0	3000	7000	
0	0	0	0	0	0	34250	32000	0	0	0	0	0	0	38000	0	13875	35600	0	0	0	0	0	37250	0	0	28000	0	24333	0	51500	17000	0	0	24000	0	18000	0	0	0	30600	18625	0	0	45000	0	15333	0	16888	0	31666	0	10000	0	0	0	0	0	0	0	0	0	
0	0	0	52000	0	0	20666	30250	0	0	0	0	0	0	37500	0	17400	26000	0	0	0	0	152000	22800	0	0	0	0	96000	0	31250	46333	0	0	27571	0	30000	0	14500	0	51333	36000	0	24000	20000	0	24428	16888	0	0	28000	0	100000	0	31000	0	0	0	0	0	0	16000	
0	0	0	0	0	0	0	0	38000	0	0	0	0	0	4000	25800	0	0	0	0	0	0	0	0	0	0	0	25500	0	38333	0	0	0	3000	0	44000	0	27800	22500	14500	0	0	33000	12000	0	24000	0	0	0	0	0	0	0	0	0	0	0	0	0	0	0	0	
0	0	6000	0	8000	0	82000	68000	0	0	0	0	0	3000	40000	0	32333	29666	10000	0	6000	0	0	5000	0	0	0	0	31750	0	36000	81000	1000	6000	61000	0	27000	0	32000	0	33333	57000	0	15000	22500	0	21500	31666	28000	0	0	0	0	0	0	0	0	0	26000	0	0	0	
28166	24750	0	0	30750	0	0	0	17000	0	0	0	12500	22600	0	0	0	0	0	0	33000	0	0	0	45666	0	0	0	0	0	0	0	60333	0	0	0	0	0	0	0	0	0	0	0	0	0	0	0	0	0	0	0	0	28000	0	21200	0	0	23333	51000	0	0	
0	0	0	54000	0	0	0	20000	12500	69000	0	0	0	0	0	0	33600	0	61333	77500	0	45000	12500	59000	0	78500	0	0	44000	0	0	0	0	17500	0	0	0	0	0	0	52000	0	0	1000	77500	0	0	10000	100000	0	0	0	0	0	25750	0	18600	26333	0	0	20200	38333	
26000	32000	0	0	14200	26400	0	0	23000	0	52000	53000	32000	29000	0	0	0	0	0	0	34666	0	0	0	29000	43500	0	0	0	0	0	0	35666	6000	0	0	0	0	0	0	0	0	0	0	0	0	0	0	0	0	0	28000	0	0	0	13000	0	0	25000	36000	0	0	
0	0	0	90000	0	0	0	0	0	0	0	0	0	0	0	0	0	0	0	50000	0	0	26333	0	0	0	0	0	0	0	0	29000	0	10000	0	0	0	0	0	0	0	0	0	0	106000	0	0	0	31000	0	0	0	25750	0	0	0	24000	14500	0	0	20500	7000	
37500	19000	0	0	24285	54500	0	0	23333	0	0	0	13666	37600	0	0	0	0	0	0	23142	0	0	0	23250	0	0	0	0	0	0	0	44750	32500	0	0	0	0	0	0	0	0	0	0	0	0	0	0	0	0	0	21200	0	13000	0	0	0	0	21000	53000	0	0	
0	0	0	0	0	0	0	0	0	0	0	0	0	0	18000	0	0	0	0	0	0	0	35333	0	0	0	0	0	0	0	0	0	0	98000	0	0	0	0	25000	0	0	0	0	0	66500	0	0	0	0	0	0	0	18600	0	24000	0	0	30500	0	0	41500	0	
0	0	10000	27000	0	0	0	0	0	0	0	0	0	0	0	0	79500	0	0	59666	0	0	28000	0	0	0	0	0	0	0	0	3000	0	9000	0	0	0	0	0	0	0	0	0	0	0	0	0	0	0	0	0	0	26333	0	14500	0	30500	0	0	0	21666	0	
0	23000	0	0	40000	0	0	0	0	0	0	0	17000	13333	6000	0	0	0	0	0	52000	0	0	0	36000	0	0	0	0	0	0	0	0	0	0	0	0	0	25000	0	0	0	0	0	0	0	0	0	0	0	26000	23333	0	25000	0	21000	0	0	0	43000	0	0	
0	45000	0	0	56333	0	0	0	14666	0	28000	0	6000	36666	0	0	0	0	0	0	49500	0	0	0	0	0	0	0	0	0	0	0	0	0	0	0	0	0	0	0	0	0	0	0	0	0	0	0	0	0	0	51000	0	36000	0	53000	0	0	43000	0	0	0	
0	0	0	0	0	0	0	0	0	0	0	0	0	0	0	0	0	0	0	21000	0	0	110000	0	0	0	0	0	0	0	0	0	0	0	0	0	0	0	30000	0	0	0	8000	0	0	0	3000	0	0	0	0	0	20200	0	20500	0	41500	21666	0	0	0	23000	
0	0	0	19250	0	0	0	0	0	0	0	0	0	0	0	0	0	0	0	0	0	0	0	0	0	6000	0	0	16000	0	0	0	0	0	0	0	0	0	0	0	0	0	0	0	27500	0	7000	0	16000	0	0	0	38333	0	7000	0	0	0	0	0	23000	0	
